0 0 100
1 100 216
2 316 345
3 661 487
4 1148 644
5 1792 817
6 2609 1009
7 3618 1221
8 4839 1455
9 6294 1713
10 8007 1999
11 10006 2315
12 12321 2664
13 14985 3049
14 18034 3473
15 21507 3953
16 25460 4463
17 29923 5045
18 34968 5681
19 40649 6390
20 47039 7161
21 54200 8020
22 62220 8969
23 71189 10018
24 81207 11177
25 92384 12459
26 104843 13875
27 118718 15440
28 134158 17169
29 151327 19081
30 170408 21193
31 191601 23528
32 215129 26108
33 241237 28959
34 270196 32110
35 302306 35593
36 337899 39443
37 377342 43696
38 421038 48397
39 469435 53593
40 523028 59335
41 582363 65681
42 648044 72695
43 720739 80446
44 801185 89012
45 890197 98479
46 988676 108942
47 1097618 120505
48 1218123 133285
49 1351408 147408
50 1498816 163017
51 1661833 180267
52 1842100 199332
53 2041432 215761
54 2257193 233064
55 2490257 250366
56 2740623 267668
57 3008291 284970
58 3293261 302272
59 3595533 319575
60 3915108 336877
61 4251985 354179
62 4606164 371481
63 4977645 388784
64 5366429 406086
65 5772515 423388
66 6195903 440690
67 6636593 457992
68 7094585 475295
69 7569880 492597
70 8062477 509899
71 8572376 527201
72 9099577 544503
73 9644080 561806
74 10205886 579108
75 10784994 596410
76 11381404 613712
77 11995116 631014
78 12626130 648317
79 13274447 665619
80 13940066 682921
81 14622987 700223
82 15323210 717525
83 16040735 734828
84 16775563 752130
85 17527693 769432
86 18297125 786734
87 19083859 804037
88 19887896 821339
89 20709235 838641
90 21547876 855943
91 22403819 873245
92 23277064 890548
93 24167612 907850
94 25075462 925152
95 26000614 942454
96 26943068 959756
97 27902824 977059
98 28879883 994361
99 29874244 1011663
100 30885907 0